step,system_total_stopped,system_total_waiting_time,system_mean_waiting_time,system_mean_speed,t_stopped,t_accumulated_waiting_time,t_average_speed,agents_total_stopped,agents_total_accumulated_waiting_time
0.0,0,0.0,0.0,0.0,0,0.0,1.0,0,0.0
5.0,0,0.0,0.0,12.313267715481635,0,0.0,0.9179602139633513,0,0.0
10.0,0,0.0,0.0,12.436270409531238,0,0.0,0.9312933620510558,0,0.0
15.0,2,5.0,0.2777777777777778,6.642314863298619,2,5.0,0.38529667445111726,2,5.0
20.0,9,41.0,2.2777777777777777,6.716601432456539,9,41.0,0.37225094074679355,9,41.0
25.0,7,51.0,2.3181818181818183,4.948933239116816,7,64.0,0.33646867803523234,7,64.0
30.0,11,102.0,4.857142857142857,5.9751424023940505,11,102.0,0.32458892664846284,11,102.0
35.0,11,118.0,4.72,5.124024689336219,11,118.0,0.23000112714988327,11,118.0
40.0,15,185.0,6.851851851851852,4.667449248219651,15,185.0,0.30324781485059527,15,185.0
45.0,18,269.0,8.67741935483871,4.821361179406766,18,269.0,0.31391928279748244,18,269.0
50.0,17,191.0,6.161290322580645,2.62534094307034,17,294.0,0.1648056780305855,17,294.0
55.0,13,133.0,3.8,5.080968902357469,13,266.0,0.2777208960581045,13,266.0
60.0,12,181.0,5.171428571428572,6.206791891766346,12,224.0,0.21156700310882953,12,224.0
65.0,13,242.0,6.368421052631579,5.691387842351733,13,285.0,0.2814719271552076,13,285.0
70.0,19,326.0,10.1875,2.868586460022571,19,369.0,0.14171395894710442,19,369.0
75.0,22,342.0,8.341463414634147,3.9030174430293325,22,431.0,0.2879786369882253,22,431.0
80.0,25,465.0,11.341463414634147,4.275939448138952,25,508.0,0.2512744280455445,25,508.0
85.0,25,317.0,6.74468085106383,3.9201850608294935,25,521.0,0.243371156071328,25,521.0
90.0,23,333.0,7.568181818181818,3.883292609900015,23,469.0,0.17321570827698707,23,469.0
95.0,26,439.0,9.340425531914894,4.071680060737156,26,529.0,0.15729315507844102,26,529.0
100.0,32,587.0,13.044444444444444,2.88278111473101,32,669.0,0.05956741300161233,32,669.0
105.0,35,760.0,16.88888888888889,2.635191046858045,35,842.0,0.11930882172718875,35,842.0
110.0,32,857.0,18.23404255319149,2.2314309685713196,32,955.0,0.14201611600606065,32,955.0
115.0,33,1016.0,20.73469387755102,3.820777889046332,33,1064.0,0.1893165439561525,33,1064.0
120.0,31,867.0,17.0,2.735364281571446,31,1102.0,0.0866362411481617,31,1102.0
125.0,27,535.0,10.490196078431373,3.3671319477596455,27,1023.0,0.11470919504122937,27,1023.0
130.0,22,347.0,7.081632653061225,3.4911446750952853,22,1079.0,0.12744400675041406,22,1079.0
135.0,21,247.0,5.25531914893617,3.143285779335092,21,1178.0,0.11858978520368166,21,1178.0
140.0,21,196.0,4.355555555555555,2.8353881227046194,21,1182.0,0.11184486239304973,21,1182.0
145.0,27,313.0,6.137254901960785,2.5900563488474777,27,1299.0,0.1550774236743501,27,1299.0
150.0,35,473.0,8.75925925925926,2.5429864366323365,35,1459.0,0.15552903873350638,35,1459.0
155.0,37,515.0,9.363636363636363,1.6071219971119726,37,1492.0,0.09162362988807994,37,1492.0
160.0,38,500.0,8.928571428571429,2.4349245734602953,38,1396.0,0.09042582723893838,38,1396.0
165.0,30,516.0,9.214285714285714,2.655150211758645,30,1478.0,0.0740503242808237,30,1478.0
170.0,29,522.0,9.49090909090909,2.624055222336246,29,1625.0,0.09829386758229126,29,1625.0
175.0,31,592.0,11.607843137254902,1.7896776855545113,31,1771.0,0.09060957290276614,31,1771.0
180.0,34,681.0,12.849056603773585,0.8895793334734219,34,1781.0,0.050196369899062454,34,1781.0
185.0,33,747.0,12.245901639344263,3.256408390489627,33,1589.0,0.15665071105424846,33,1589.0
190.0,24,407.0,6.564516129032258,3.27086855442879,24,1514.0,0.12401216403140637,24,1514.0
195.0,20,220.0,3.7288135593220337,3.663155649546622,20,1373.0,0.14813027672593956,20,1373.0
200.0,17,92.0,1.6140350877192982,3.810932866466145,17,1290.0,0.14418629860076526,17,1290.0
205.0,24,181.0,3.0677966101694913,3.5436963191456767,24,1298.0,0.11530836865091437,24,1298.0
210.0,35,338.0,6.035714285714286,2.5207604764939453,35,1445.0,0.057121072257594115,35,1445.0
215.0,36,450.0,8.653846153846153,0.9082705340511562,36,1531.0,0.016738130619792405,36,1531.0
220.0,38,589.0,9.983050847457626,3.718713648200781,38,1586.0,0.18673916086774905,38,1586.0
225.0,40,781.0,13.46551724137931,3.747990749648903,40,1751.0,0.15077255014550395,40,1751.0
230.0,46,993.0,18.054545454545455,1.8375204347777223,46,1963.0,0.053176204602524105,46,1963.0
235.0,42,964.0,18.53846153846154,1.3978025814176958,42,1983.0,0.05005520626679962,42,1983.0
240.0,32,754.0,15.08,2.2726738158927535,32,1688.0,0.04388308702858441,32,1688.0
245.0,26,609.0,11.711538461538462,4.547942621045769,26,1417.0,0.13795268945152822,26,1417.0
250.0,13,260.0,5.531914893617022,4.22424031635339,13,1444.0,0.1798204550679519,13,1444.0
255.0,11,124.0,2.6382978723404253,5.396974223978593,11,1405.0,0.3030950294939551,11,1405.0
260.0,13,144.0,2.938775510204082,5.065283048394665,13,1287.0,0.23345953800353728,13,1287.0
265.0,10,161.0,3.0961538461538463,4.503032571995609,10,1052.0,0.17096326708728712,10,1052.0
270.0,13,208.0,4.16,4.947017829934435,13,751.0,0.16591784866362244,13,751.0
275.0,9,70.0,1.4893617021276595,4.173021284026549,9,719.0,0.1594344298073339,9,719.0
280.0,15,112.0,2.5454545454545454,4.78896129262931,15,675.0,0.2140556474896607,15,675.0
285.0,16,141.0,3.0652173913043477,3.7987478430475803,16,645.0,0.15286348993717117,16,645.0
290.0,15,168.0,3.111111111111111,4.712415037928197,15,474.0,0.23987871581092518,15,474.0
295.0,14,191.0,3.537037037037037,5.030263236056207,14,468.0,0.2481544998350538,14,468.0
300.0,19,253.0,4.96078431372549,3.632341187689068,19,553.0,0.1606456692189927,19,553.0
305.0,25,361.0,7.36734693877551,2.9342860965429436,25,667.0,0.1232911313719748,25,667.0
310.0,26,423.0,8.294117647058824,1.720543834965889,26,696.0,0.05925504755874779,26,696.0
315.0,24,450.0,8.49056603773585,2.8423800370711754,24,618.0,0.10618119571870946,24,618.0
320.0,24,508.0,9.407407407407407,4.312363429936396,24,648.0,0.11592426518657963,24,648.0
325.0,24,575.0,11.057692307692308,3.9966312329684177,24,761.0,0.19611703512851464,24,761.0
330.0,23,659.0,13.18,3.451540611919265,23,873.0,0.22346140420438185,23,873.0
335.0,27,729.0,14.01923076923077,2.043062639208065,27,943.0,0.13582355146625866,27,943.0
340.0,37,896.0,16.0,1.479555193305422,37,1110.0,0.07880288876864544,37,1110.0
345.0,41,1084.0,18.066666666666666,0.913734849447337,41,1306.0,0.027324798489119433,41,1306.0
350.0,49,1315.0,21.20967741935484,1.3138425161642038,49,1532.0,0.035709952917349484,49,1532.0
355.0,50,1403.0,22.629032258064516,1.39448386361293,50,1704.0,0.026747915110623664,50,1704.0
360.0,42,1390.0,23.559322033898304,2.1310112340423792,42,1742.0,0.04219188000180295,42,1742.0
365.0,35,1404.0,21.272727272727273,4.073773147006424,35,1892.0,0.18933221940232214,35,1892.0
370.0,33,1396.0,23.266666666666666,2.5319605480895926,33,2060.0,0.13643247118522284,33,2060.0
375.0,31,826.0,13.766666666666667,2.094580094672934,31,1994.0,0.11175801658261726,31,1994.0
380.0,29,319.0,5.063492063492063,2.2724539586638373,29,1736.0,0.0827609725655659,29,1736.0
385.0,29,311.0,4.712121212121212,3.640524120989571,29,1426.0,0.1324975841818358,29,1426.0
390.0,35,342.0,5.2615384615384615,3.001329402353203,35,1475.0,0.10520134558015105,35,1475.0
395.0,34,322.0,5.4576271186440675,2.794261601604087,34,1333.0,0.04333842457990392,34,1333.0
400.0,28,300.0,4.838709677419355,3.868620139773643,28,1364.0,0.17825046417393256,28,1364.0
405.0,14,195.0,3.3620689655172415,4.124081845387386,14,1265.0,0.19712587436869408,14,1265.0
410.0,13,172.0,3.0714285714285716,3.680927671181042,13,1220.0,0.18017874264510217,13,1220.0
415.0,21,228.0,4.071428571428571,3.5875895591843103,21,1062.0,0.13684806801116,21,1062.0
420.0,19,196.0,3.5,2.9752605467506124,19,1079.0,0.09224846213881087,19,1079.0
425.0,24,294.0,5.25,3.0572428171862174,24,1154.0,0.10454366763809678,24,1154.0
430.0,24,299.0,5.6415094339622645,2.557683004666674,24,1170.0,0.08899447179588095,24,1170.0
435.0,23,313.0,5.048387096774194,4.1522121460577095,23,1148.0,0.21347934906829524,23,1148.0
440.0,34,455.0,7.711864406779661,2.8456295109042107,34,1290.0,0.1511995253494589,34,1290.0
445.0,47,659.0,10.629032258064516,1.9841773287652338,47,1495.0,0.07417654168497047,47,1495.0
450.0,47,734.0,12.655172413793103,1.3728939258856412,47,1584.0,0.04738142328717916,47,1584.0
455.0,38,708.0,12.421052631578947,2.3145698414922475,38,1515.0,0.05583723545481059,38,1515.0
460.0,28,465.0,8.157894736842104,3.1068689779903376,28,1442.0,0.1155865324981125,28,1442.0
465.0,26,401.0,7.566037735849057,2.5484428796615104,26,1551.0,0.07943298881359691,26,1551.0
470.0,22,374.0,6.678571428571429,3.261751731735849,22,1525.0,0.17238665910849865,22,1525.0
475.0,19,430.0,7.818181818181818,3.784715137714243,19,1347.0,0.2048369808849561,19,1347.0
480.0,14,261.0,4.578947368421052,3.3408451233498284,14,1232.0,0.13807727755291418,14,1232.0
485.0,12,75.0,1.3392857142857142,3.607806189422004,12,1085.0,0.16099349709677857,12,1085.0
490.0,15,89.0,1.6481481481481481,3.373108687473542,15,1074.0,0.12603671812204154,15,1074.0
495.0,28,203.0,3.625,2.6236428787480373,28,1174.0,0.0751766906288961,28,1174.0
500.0,39,374.0,6.925925925925926,1.6270965894681706,39,1346.0,0.041501947989436544,39,1346.0
505.0,49,589.0,10.333333333333334,1.5276205417981576,49,1562.0,0.10675310482666066,49,1562.0
510.0,51,836.0,14.169491525423728,1.7526138687137174,51,1812.0,0.1211375901311191,51,1812.0
515.0,47,947.0,16.050847457627118,1.2649241449228479,47,1932.0,0.07827003068679883,47,1932.0
520.0,41,1021.0,16.737704918032787,2.246508978002311,41,1928.0,0.07104803572336747,41,1928.0
525.0,43,1224.0,20.065573770491802,2.0529149075326982,43,2131.0,0.03328242348865475,43,2131.0
530.0,50,1461.0,24.76271186440678,1.6270916834547522,50,2368.0,0.03604430772710231,50,2368.0
535.0,46,1391.0,24.839285714285715,1.2997922914087254,46,2395.0,0.038537722519796105,46,2395.0
540.0,38,1097.0,20.314814814814813,1.9463028808010474,38,2212.0,0.056646281294172963,38,2212.0
545.0,24,725.0,12.083333333333334,3.7838811867507514,24,2182.0,0.18082474096043374,24,2182.0
550.0,18,417.0,7.446428571428571,3.9559735794417508,18,2145.0,0.17507762158623402,18,2145.0
555.0,24,240.0,4.363636363636363,3.080756644130114,24,2225.0,0.11250936683910123,24,2225.0
560.0,35,393.0,7.1454545454545455,1.637523762440034,35,2378.0,0.07201041555606455,35,2378.0
565.0,43,590.0,10.727272727272727,0.6827285230423766,43,2575.0,0.04837103855831805,43,2575.0
570.0,44,747.0,13.105263157894736,0.8561799281168623,44,2733.0,0.0463614117567268,44,2733.0
575.0,46,940.0,16.49122807017544,1.6755459309851433,46,2881.0,0.03514069612202661,46,2881.0
580.0,42,967.0,14.876923076923077,3.4565227515546386,42,2832.0,0.15569450092569465,42,2832.0
585.0,34,849.0,13.918032786885245,3.6555677035659158,34,2590.0,0.1721251713294722,34,2590.0
590.0,31,788.0,13.133333333333333,3.731890738528903,31,2134.0,0.1195094531328187,31,2134.0
595.0,23,658.0,11.543859649122806,4.004435630139188,23,2227.0,0.16253813646073628,23,2227.0
600.0,22,603.0,11.823529411764707,3.786048493640383,22,2298.0,0.16733310869969206,22,2298.0
605.0,28,732.0,13.555555555555555,3.2358711015564627,28,2419.0,0.1138675075295405,28,2419.0
610.0,29,420.0,8.076923076923077,2.2453915946609335,29,2394.0,0.08383560616689703,29,2394.0
615.0,31,359.0,6.084745762711864,3.2520181045713814,31,2251.0,0.15424609650434892,31,2251.0
620.0,36,393.0,6.55,3.261455751391322,36,2124.0,0.12717470413003362,36,2124.0
625.0,31,358.0,6.280701754385965,3.1322740053244478,31,1838.0,0.1103674260923364,31,1838.0
630.0,23,310.0,5.636363636363637,3.5833996728584547,23,1686.0,0.13528114658824567,23,1686.0
635.0,18,257.0,5.03921568627451,3.8212313127942323,18,1688.0,0.12820699991915266,18,1688.0
640.0,16,205.0,4.183673469387755,3.6630343499100513,16,1565.0,0.14112386662972232,16,1565.0
645.0,13,239.0,4.877551020408164,4.164714670579554,13,1245.0,0.17380735822746268,13,1245.0
650.0,8,149.0,2.6140350877192984,5.037306429820072,8,1137.0,0.25297579074776466,8,1137.0
655.0,15,197.0,3.7169811320754715,4.955104332992893,15,1123.0,0.2542963738416703,15,1123.0
660.0,20,277.0,5.431372549019608,3.5713305176771097,20,1203.0,0.13396061306537865,20,1203.0
665.0,32,414.0,7.811320754716981,2.3186433435591383,32,1340.0,0.07197103912556062,32,1340.0
670.0,38,593.0,11.86,1.1096659699928724,38,1519.0,0.048497697529256735,38,1519.0
675.0,39,658.0,12.653846153846153,1.1722248743785646,39,1482.0,0.050534522483451895,39,1482.0
680.0,33,634.0,12.192307692307692,2.6205658636560005,33,1293.0,0.09454091891524477,33,1293.0
685.0,24,391.0,7.109090909090909,3.3387106856083113,24,1247.0,0.14691248745087662,24,1247.0
690.0,23,367.0,6.9245283018867925,3.545726705799075,23,1320.0,0.16402495233329437,23,1320.0
695.0,21,341.0,6.686274509803922,2.9164409742214494,21,1400.0,0.13487219984187918,21,1400.0
700.0,30,466.0,8.961538461538462,1.981887614962413,30,1518.0,0.06639402507702563,30,1518.0
705.0,31,521.0,9.830188679245284,2.1285635227540967,31,1507.0,0.06016818529059243,31,1507.0
710.0,30,515.0,9.537037037037036,2.844652556379307,30,1349.0,0.09330035605372429,30,1349.0
715.0,26,538.0,10.346153846153847,3.076387000798606,26,1436.0,0.10539888385572803,26,1436.0
720.0,25,575.0,11.979166666666666,1.7281794338527334,25,1564.0,0.0754266346634048,25,1564.0
725.0,23,266.0,5.018867924528302,2.937479506000337,23,1536.0,0.21027542752283343,23,1536.0
730.0,26,239.0,4.192982456140351,3.433424543354429,26,1418.0,0.17367290123164977,26,1418.0
735.0,35,392.0,6.533333333333333,3.5652362607528856,35,1428.0,0.08125294737173529,35,1428.0
740.0,42,579.0,9.982758620689655,2.4321965214789607,42,1616.0,0.033149500212067376,42,1616.0
745.0,48,808.0,14.962962962962964,1.4821211834808536,48,1845.0,0.040169979069364814,48,1845.0
750.0,42,843.0,16.21153846153846,1.3912726824094324,42,1899.0,0.050402221240237625,42,1899.0
755.0,32,724.0,14.48,2.203386932800232,32,1742.0,0.060293391525542694,32,1742.0
760.0,29,641.0,11.446428571428571,3.866753262802752,29,1812.0,0.17356714481013436,29,1812.0
765.0,25,554.0,10.862745098039216,2.5363377988354716,25,1939.0,0.1562065778758283,25,1939.0
770.0,24,235.0,4.607843137254902,1.9462555210705885,24,1942.0,0.13209915577293546,24,1942.0
775.0,26,261.0,4.745454545454545,2.439985900033991,26,1896.0,0.09901593814152694,26,1896.0
780.0,32,409.0,7.303571428571429,3.282645965219655,32,1964.0,0.07350120290544038,32,1964.0
785.0,36,461.0,8.232142857142858,2.7619451784913704,36,2075.0,0.05681429197835692,36,2075.0
790.0,40,641.0,12.568627450980392,2.4303530412516117,40,2186.0,0.03414532308927898,40,2186.0
795.0,35,639.0,11.410714285714286,3.4932087995810557,35,2162.0,0.15827844846535283,35,2162.0
800.0,26,493.0,9.666666666666666,4.414581063101544,26,1906.0,0.22458487051118575,26,1906.0
805.0,21,366.0,7.038461538461538,3.784354925552864,21,2018.0,0.14036703978181259,21,2018.0
810.0,23,249.0,5.413043478260869,1.9566606134971178,23,2135.0,0.10569896882472873,23,2135.0
815.0,20,145.0,3.2222222222222223,1.6308447018739298,20,2187.0,0.08672286351212727,20,2187.0
820.0,26,262.0,5.346938775510204,2.666298316088551,26,2247.0,0.08831252955835936,26,2247.0
825.0,27,282.0,5.64,2.78571517438474,27,2157.0,0.06557300744616994,27,2157.0
830.0,25,246.0,4.555555555555555,4.198806629664987,25,1850.0,0.19074609197111322,25,1850.0
835.0,20,248.0,4.862745098039215,4.473182014233534,20,1848.0,0.21371045862066454,20,1848.0
840.0,18,225.0,4.787234042553192,3.3422328508010635,18,1939.0,0.11412676358170451,18,1939.0
845.0,24,255.0,5.425531914893617,2.8196173291007938,24,2040.0,0.11726071065633026,24,2040.0
850.0,30,389.0,8.644444444444444,1.4391457167842392,30,2175.0,0.08479676109393507,30,2175.0
855.0,34,552.0,11.5,1.0829084271958622,34,2339.0,0.04696993355969704,34,2339.0
860.0,43,750.0,15.0,1.0135395258057394,43,2537.0,0.04290657393955615,43,2537.0
865.0,40,801.0,14.563636363636364,2.425337760258209,40,2494.0,0.12616852253245484,40,2494.0
870.0,32,722.0,12.892857142857142,3.7700747076280408,32,2175.0,0.20152518796131313,32,2175.0
875.0,20,311.0,5.553571428571429,3.3672853377374077,20,2061.0,0.140621180173354,20,2061.0
880.0,18,168.0,3.169811320754717,3.580166717361904,18,1955.0,0.16542899641283307,18,1955.0
885.0,18,143.0,2.803921568627451,3.5253514895256552,18,1974.0,0.1189998275290314,18,1974.0
890.0,30,272.0,5.230769230769231,2.23875376460701,30,2103.0,0.0746941308602645,30,2103.0
895.0,33,404.0,8.08,1.6487244041660116,33,2246.0,0.06317869466676398,33,2246.0
900.0,42,587.0,11.74,1.0867662964834608,42,2419.0,0.0014137576387804407,42,2419.0
905.0,46,812.0,14.763636363636364,2.033439632124427,46,2645.0,0.10642302256478219,46,2645.0
910.0,40,834.0,16.03846153846154,1.7098553165319856,40,2583.0,0.10951430398186952,40,2583.0
915.0,34,713.0,13.203703703703704,2.5554711825517837,34,2243.0,0.10662859754095155,34,2243.0
920.0,23,369.0,6.833333333333333,3.5074851715638284,23,2043.0,0.12755595548636187,23,2043.0
925.0,15,192.0,3.764705882352941,4.139646490633026,15,1965.0,0.17109198016321467,15,1965.0
930.0,14,75.0,1.530612244897959,3.744084825181939,14,2004.0,0.14100644913778565,14,2004.0
935.0,23,174.0,3.625,2.582214221406535,23,2079.0,0.06383331706235512,23,2079.0
940.0,26,203.0,3.690909090909091,3.23249670927145,26,1933.0,0.17973751966481927,26,1933.0
945.0,23,190.0,3.5849056603773586,3.549449774212689,23,1592.0,0.20149753875548165,23,1592.0
950.0,21,107.0,1.9454545454545455,3.276115069046321,21,1638.0,0.15654378407196295,21,1638.0
955.0,19,102.0,1.9615384615384615,3.704265780807547,19,1644.0,0.12362318829066181,19,1644.0
960.0,21,143.0,2.9183673469387754,3.4390902593598995,21,1738.0,0.06881335868628546,21,1738.0
965.0,21,174.0,3.411764705882353,3.1134986333285326,21,1611.0,0.09803479035872845,21,1611.0
970.0,17,163.0,3.4680851063829787,3.788441173813558,17,1217.0,0.11644629659049711,17,1217.0
975.0,18,149.0,2.8653846153846154,4.206142304358716,18,1267.0,0.19389871863516436,18,1267.0
980.0,19,184.0,3.8333333333333335,3.659964138759259,19,1367.0,0.1970596351509961,19,1367.0
985.0,20,231.0,4.914893617021277,2.754026702149207,20,1444.0,0.1599404021629186,20,1444.0
990.0,28,354.0,7.08,2.295689973754244,28,1567.0,0.08591193003214051,28,1567.0
995.0,28,391.0,7.82,1.940376249489957,28,1510.0,0.05234284921495674,28,1510.0
1000.0,28,380.0,7.6,2.7755019161564145,28,1204.0,0.08927206717232673,28,1204.0
1005.0,24,405.0,8.1,4.970163619627424,24,958.0,0.16526405096535018,24,958.0
1010.0,12,116.0,2.188679245283019,5.56884639923702,12,929.0,0.3026903842568936,12,929.0
1015.0,13,79.0,1.7173913043478262,5.800783595275224,13,826.0,0.35066959507481615,13,826.0
1020.0,20,160.0,3.2,4.59391738831757,20,860.0,0.16331974709332572,20,860.0
1025.0,23,197.0,3.7884615384615383,3.4864389384056826,23,831.0,0.10571204171829687,23,831.0
1030.0,19,195.0,4.0625,3.3775953441991446,19,641.0,0.09017661869181308,19,641.0
1035.0,19,225.0,4.5,4.685442042866377,19,537.0,0.1640341512893045,19,537.0
1040.0,9,75.0,1.6304347826086956,4.533506932942121,9,537.0,0.20358384659171425,9,537.0
1045.0,9,75.0,1.6666666666666667,5.550231770972193,9,481.0,0.2939725064366264,9,481.0
1050.0,11,89.0,1.8541666666666667,4.732951611939384,11,457.0,0.24676803042364379,11,457.0
1055.0,12,104.0,2.122448979591837,4.302433458148102,12,384.0,0.2013079292084325,12,384.0
1060.0,11,94.0,1.88,3.248351236098639,11,409.0,0.1300620740277472,11,409.0
1065.0,17,152.0,3.1666666666666665,3.234277599124654,17,464.0,0.10842586037499849,17,464.0
1070.0,22,242.0,5.041666666666667,3.3861316859802373,22,560.0,0.11561651396446523,22,560.0
1075.0,21,273.0,5.6875,2.314926312559645,21,587.0,0.09094491741268931,21,587.0
1080.0,19,259.0,5.630434782608695,3.227404322300481,19,510.0,0.08848914199467792,19,510.0
1085.0,17,192.0,3.5555555555555554,4.523320791235584,17,553.0,0.22855589639477034,17,553.0
1090.0,15,201.0,4.02,4.1581650603046505,15,590.0,0.21084416193702682,15,590.0
1095.0,17,233.0,4.755102040816326,2.9347119841073943,17,646.0,0.1447182116876624,17,646.0
1100.0,28,348.0,7.1020408163265305,2.0178652454637884,28,761.0,0.08644644273851107,28,761.0
1105.0,30,479.0,9.211538461538462,2.2113516327304032,30,901.0,0.08961604454321924,30,901.0
1110.0,40,658.0,12.901960784313726,1.746781646845257,40,1071.0,0.045170186721215456,40,1071.0
1115.0,42,859.0,17.18,1.4801163834194433,42,1272.0,0.020778534769896304,42,1272.0
1120.0,42,1069.0,20.557692307692307,2.354570504587897,42,1482.0,0.11351838364364579,42,1482.0
1125.0,42,1279.0,24.596153846153847,2.366692420171908,42,1692.0,0.11442401879349813,42,1692.0
1130.0,42,1489.0,29.19607843137255,1.7012773976421796,42,1902.0,0.06061617785424211,42,1902.0
1135.0,44,1707.0,34.14,1.4899991279877727,44,2120.0,0.04088038518263936,44,2120.0
1140.0,38,1601.0,32.673469387755105,1.445845892315772,38,2162.0,0.03868055042933854,38,2162.0
1145.0,30,1273.0,26.520833333333332,2.705972818505605,30,2040.0,0.09983427897468358,30,2040.0
1150.0,22,1019.0,21.229166666666668,4.792587154306303,22,1758.0,0.13540808483669922,22,1758.0
1155.0,10,616.0,11.846153846153847,5.8373111613072455,10,1793.0,0.31084681198382297,10,1793.0
1160.0,11,438.0,9.521739130434783,5.68858465491988,11,1817.0,0.31924580697892446,11,1817.0
1165.0,18,514.0,10.28,4.119758417767353,18,1893.0,0.18132664860529354,18,1893.0
1170.0,23,552.0,10.823529411764707,2.721932753906283,23,1854.0,0.10297025202945354,23,1854.0
1175.0,20,564.0,11.510204081632653,3.020873096254384,20,1686.0,0.11370838414223318,20,1686.0
1180.0,21,610.0,11.73076923076923,4.3690823720931835,21,1387.0,0.14095767865951664,21,1387.0
1185.0,18,644.0,13.416666666666666,4.321491969801381,18,1478.0,0.18109195313496246,18,1478.0
1190.0,17,702.0,14.625,4.771565468615203,17,1561.0,0.272138929038525,17,1561.0
1195.0,18,195.0,3.9,4.166117683517074,18,1313.0,0.23435915672290888,18,1313.0
1200.0,25,303.0,6.06,2.521871660327273,25,1162.0,0.07415776521780543,25,1162.0
1205.0,30,305.0,5.545454545454546,2.692479172004142,30,1241.0,0.07195740527300716,30,1241.0
1210.0,37,460.0,8.846153846153847,2.431426422112309,37,1327.0,0.0481852185570111,37,1327.0
1215.0,40,630.0,12.115384615384615,2.4649509312723543,40,1498.0,0.05239248475471276,40,1498.0
1220.0,40,830.0,17.659574468085108,2.012357583436346,40,1698.0,0.04672652386719408,40,1698.0
1225.0,38,1005.0,19.705882352941178,2.6763679268905816,38,1866.0,0.11352308527019314,38,1866.0
1230.0,40,1203.0,24.06,2.51997264642978,40,2064.0,0.1585481007777881,40,2064.0
1235.0,34,1105.0,22.1,2.496287083072307,34,2030.0,0.1477383266378118,34,2030.0
1240.0,29,856.0,17.12,2.6668927221697554,29,1756.0,0.10152870110650225,29,1756.0
1245.0,24,602.0,12.04,3.3536591833584506,24,1790.0,0.11226819106569076,24,1790.0
1250.0,22,348.0,7.25,2.69785853665883,22,1900.0,0.11420120527091103,22,1900.0
1255.0,17,200.0,4.444444444444445,2.4005111450266594,17,1778.0,0.12391909173497517,17,1778.0
1260.0,17,238.0,5.173913043478261,2.637138157531967,17,1443.0,0.09685011368672584,17,1443.0
1265.0,13,285.0,5.277777777777778,5.295005733885187,13,1138.0,0.2213393062271591,13,1138.0
1270.0,13,345.0,6.764705882352941,5.777060363271844,13,999.0,0.2583528845948706,13,999.0
1275.0,16,414.0,8.808510638297872,6.203550207030433,16,792.0,0.29376680800256544,16,792.0
1280.0,13,251.0,5.456521739130435,5.804265106716673,13,729.0,0.2969019717097358,13,729.0
1285.0,15,254.0,5.183673469387755,5.624328183861864,15,651.0,0.2812011879146955,15,651.0
1290.0,20,308.0,6.16,3.9077027233641877,20,647.0,0.19614465943122766,20,647.0
1295.0,17,356.0,6.980392156862745,3.9610004563499275,17,501.0,0.1450931705355896,17,501.0
1300.0,17,425.0,7.083333333333333,5.311570329102277,17,513.0,0.2508989663506459,17,513.0
1305.0,13,408.0,7.285714285714286,5.2078872348640965,13,509.0,0.2928557397577155,13,509.0
1310.0,17,460.0,8.518518518518519,4.5927756186757005,17,495.0,0.20057992859646373,17,495.0
1315.0,24,196.0,3.5636363636363635,3.8846859393183,24,449.0,0.14893185736476894,24,449.0
1320.0,23,201.0,3.6545454545454548,3.4277763717538665,23,332.0,0.10852834286827549,23,332.0
1325.0,31,317.0,5.660714285714286,2.565027369593228,31,411.0,0.0675328230781598,31,411.0
1330.0,40,500.0,9.090909090909092,2.292003145623384,40,591.0,0.04244412739967574,40,591.0
1335.0,40,663.0,11.631578947368421,2.764052232855759,40,732.0,0.12264508367539413,40,732.0
1340.0,41,868.0,16.37735849056604,2.7029581975097874,41,896.0,0.11864990397666636,41,896.0
1345.0,35,835.0,15.462962962962964,2.5215559860990786,35,1003.0,0.1062715833317937,35,1003.0
1350.0,32,687.0,14.020408163265307,2.622048192123233,32,1008.0,0.09984532070837307,32,1008.0
1355.0,23,503.0,10.26530612244898,2.925902678203839,23,1118.0,0.09675687207261495,23,1118.0
1360.0,20,361.0,7.680851063829787,3.005702912172221,20,1216.0,0.1049921350224422,20,1216.0
1365.0,21,278.0,6.177777777777778,2.681575991127901,21,1312.0,0.11177130345999722,21,1312.0
1370.0,26,283.0,5.2407407407407405,2.9378252476052262,26,1317.0,0.1759787357630643,26,1317.0
1375.0,33,436.0,8.384615384615385,2.4909417510558263,33,1470.0,0.1594426368413976,33,1470.0
1380.0,41,626.0,11.592592592592593,1.6794804728054387,41,1660.0,0.07793665620749014,41,1660.0
1385.0,44,672.0,12.444444444444445,1.452789268218922,44,1745.0,0.054292801279711755,44,1745.0
1390.0,34,611.0,11.314814814814815,2.8977137651760283,34,1620.0,0.07656825267576002,34,1620.0
1395.0,22,470.0,8.703703703703704,3.4950651663139465,22,1653.0,0.12509799979597652,22,1653.0
1400.0,19,383.0,7.66,3.8066795428372573,19,1732.0,0.12728480818200688,19,1732.0
1405.0,23,403.0,8.06,3.771732429689658,23,1834.0,0.17576124104641846,23,1834.0
1410.0,31,540.0,10.384615384615385,2.497589416889503,31,1971.0,0.14534494214414392,31,1971.0
1415.0,32,597.0,11.48076923076923,0.8625029269898706,32,1977.0,0.046082997189697855,32,1977.0
1420.0,33,610.0,10.892857142857142,2.244142638496784,33,1839.0,0.0838274522009696,33,1839.0
1425.0,27,609.0,10.875,3.2641753448820365,27,1887.0,0.11148205314286372,27,1887.0
1430.0,25,653.0,12.320754716981131,3.3316676415078836,25,2005.0,0.11104148856024935,25,2005.0
1435.0,26,727.0,14.254901960784315,2.9411496097279413,26,2128.0,0.1121352993554109,26,2128.0
1440.0,27,390.0,7.8,1.4375431837626587,27,2084.0,0.05628926496117393,27,2084.0
1445.0,28,306.0,5.275862068965517,3.6766761477966647,28,1924.0,0.1974570741478318,28,1924.0
1450.0,36,470.0,7.833333333333333,4.055110876215503,36,1871.0,0.13852664062696363,36,1871.0
1455.0,42,669.0,11.338983050847459,2.710495505520423,42,2070.0,0.04605924580478194,42,2070.0
1460.0,46,897.0,17.25,1.524444208623291,46,2298.0,0.04034554223194687,46,2298.0
1465.0,42,1089.0,21.78,0.9291181892287209,42,2504.0,0.030934782223157636,42,2504.0
1470.0,44,1308.0,26.16,1.524209451362613,44,2709.0,0.04289824805897248,44,2709.0
1475.0,38,1232.0,24.64,1.7226098030679844,38,2681.0,0.03301738619744165,38,2681.0
1480.0,30,947.0,18.21153846153846,3.476450602474129,30,2381.0,0.17247736632610708,30,2381.0
1485.0,18,545.0,10.48076923076923,4.285365516354854,18,2301.0,0.19614386449540466,18,2301.0
1490.0,12,228.0,4.75,3.864956267292911,12,2269.0,0.18708640681444746,12,2269.0
1495.0,15,49.0,1.0425531914893618,3.5167920486653492,15,2096.0,0.13498905317510806,15,2096.0
1500.0,12,71.0,1.5434782608695652,3.6937366185478737,12,1696.0,0.1295626463960507,12,1696.0
1505.0,11,112.0,2.3333333333333335,5.1478332080199545,11,1143.0,0.17853235052285205,11,1143.0
1510.0,8,89.0,1.9777777777777779,4.197268700961046,8,1158.0,0.1670122825401699,8,1158.0
1515.0,15,152.0,3.1666666666666665,5.138352073896989,15,1190.0,0.2922910476548835,15,1190.0
1520.0,22,247.0,4.94,4.129864270178177,22,1285.0,0.2431947244142336,22,1285.0
1525.0,32,383.0,7.365384615384615,2.219657413052567,32,1421.0,0.11231604303144027,32,1421.0
1530.0,33,361.0,6.685185185185185,1.7436903535055241,33,1507.0,0.06511887847104568,33,1507.0
1535.0,37,481.0,8.745454545454546,2.3275812187658227,37,1557.0,0.05101723693387702,37,1557.0
1540.0,42,657.0,11.945454545454545,2.2233140697098976,42,1714.0,0.044545649444138434,42,1714.0
1545.0,44,875.0,16.826923076923077,1.8837324369325599,44,1932.0,0.04130875757292845,44,1932.0
1550.0,39,1040.0,19.25925925925926,2.1023773696472117,39,2097.0,0.11380908966508738,39,2097.0
1555.0,39,1235.0,23.75,2.8712566744033734,39,2259.0,0.12972808887175558,39,2259.0
1560.0,39,1400.0,26.923076923076923,2.48553940247579,39,2424.0,0.074607705130784,39,2424.0
1565.0,41,1603.0,32.06,2.296634502404531,41,2627.0,0.043172516398689326,41,2627.0
1570.0,41,1808.0,37.666666666666664,1.7648012907987038,41,2832.0,0.03192473571800823,41,2832.0
1575.0,37,1631.0,36.24444444444445,1.1129763633062537,37,2745.0,0.06104510700320971,37,2745.0
1580.0,27,1189.0,26.42222222222222,3.0660361763694417,27,2393.0,0.11892845485051406,27,2393.0
1585.0,21,780.0,15.294117647058824,4.580336238547241,21,2275.0,0.21406541301952148,21,2275.0
1590.0,17,376.0,7.673469387755102,4.349657942014434,17,2373.0,0.24693721280737602,17,2373.0
1595.0,14,195.0,4.333333333333333,2.715263444462063,14,2210.0,0.1788431802782111,14,2210.0
1600.0,15,225.0,4.411764705882353,3.299632908084999,15,1827.0,0.1486239131260337,15,1827.0
1605.0,17,299.0,5.6415094339622645,4.414340808111244,17,1331.0,0.12627264529317614,17,1331.0
1610.0,17,356.0,6.716981132075472,4.0538015514482435,17,1395.0,0.16055625151740316,17,1395.0
1615.0,22,455.0,9.680851063829786,3.012019037450047,22,1496.0,0.14688548193886378,22,1496.0
1620.0,30,589.0,12.020408163265307,1.6619556017796837,30,1630.0,0.08219150802126513,30,1630.0
1625.0,30,419.0,7.482142857142857,2.3653234947862836,30,1665.0,0.15584088117369713,30,1665.0
1630.0,31,414.0,7.016949152542373,2.7121816266583156,31,1610.0,0.11950931224896044,31,1610.0
1635.0,43,601.0,9.53968253968254,2.0499832759447907,43,1769.0,0.05332482842829851,43,1769.0
1640.0,54,856.0,14.508474576271187,1.039087215443285,54,2024.0,0.029956784208962604,54,2024.0
1645.0,49,923.0,15.913793103448276,0.8171066867004105,49,2097.0,0.04546816084599849,49,2097.0
1650.0,40,847.0,14.60344827586207,2.372763977418444,40,1952.0,0.08574410171663271,40,1952.0
1655.0,28,535.0,9.224137931034482,3.178111337172568,28,1836.0,0.09265848884576017,28,1836.0
1660.0,24,406.0,6.766666666666667,4.4579083576552945,24,1808.0,0.22266828201076821,24,1808.0
1665.0,27,372.0,6.413793103448276,4.1646245179731585,27,1885.0,0.18776819372190556,27,1885.0
1670.0,28,314.0,5.322033898305085,2.257910726964312,28,1896.0,0.10979745671505557,28,1896.0
1675.0,31,297.0,5.120689655172414,2.3197679295298075,31,1859.0,0.09421218222297185,31,1859.0
1680.0,37,444.0,7.4,1.8900889146036215,37,2018.0,0.032380137091442475,37,2018.0
1685.0,48,662.0,11.413793103448276,1.832067038038316,48,2226.0,0.03854888422433503,48,2226.0
1690.0,45,708.0,12.642857142857142,1.457290967322182,45,2223.0,0.02166001491368513,45,2223.0
1695.0,36,617.0,10.637931034482758,3.0832863633918013,36,1951.0,0.1506547273633201,36,1951.0
1700.0,28,536.0,9.241379310344827,3.6273488658315243,28,1991.0,0.16045002367190084,28,1991.0
1705.0,27,456.0,8.290909090909091,2.7034269653173335,27,2128.0,0.11875412031303881,27,2128.0
1710.0,24,449.0,8.471698113207546,2.499216075722548,24,2016.0,0.10262066055310046,24,2016.0
1715.0,22,512.0,9.142857142857142,3.1542363803689684,22,1814.0,0.09174666534156709,22,1814.0
1720.0,19,592.0,10.571428571428571,4.648514980945194,19,1553.0,0.15186392617551164,19,1553.0
1725.0,19,577.0,10.685185185185185,3.5767394250438276,19,1539.0,0.11859054063482154,19,1539.0
1730.0,26,693.0,12.6,3.637827084714663,26,1656.0,0.22321225506036535,26,1656.0
1735.0,32,840.0,14.482758620689655,2.8040250013387995,32,1803.0,0.17758296489712694,32,1803.0
1740.0,40,1021.0,17.016666666666666,1.1618293878863333,40,1986.0,0.08397875167518985,40,1986.0
1745.0,44,1132.0,17.6875,0.9827067440385313,44,2057.0,0.04969343008578123,44,2057.0
1750.0,42,1199.0,18.166666666666668,1.7885527469276477,42,1986.0,0.039233214905310114,42,1986.0
1755.0,43,1298.0,19.37313432835821,2.3203602023981538,43,2182.0,0.07501950939351859,43,2182.0
1760.0,41,1407.0,22.333333333333332,1.4012220797813764,41,2389.0,0.04170870851524052,41,2389.0
1765.0,37,1051.0,16.421875,1.9215121187288657,37,2352.0,0.10127453276898228,37,2352.0
1770.0,35,588.0,8.647058823529411,2.4581637389005997,35,2113.0,0.12497929130229456,35,2113.0
1775.0,32,336.0,4.869565217391305,2.722294219066619,32,2002.0,0.12287534079300627,32,2002.0
1780.0,33,297.0,4.183098591549296,3.186170694505913,33,1840.0,0.1118316508224311,33,1840.0
1785.0,29,293.0,4.4393939393939394,2.769851988285049,29,1703.0,0.08891096242069955,29,1703.0
1790.0,21,250.0,3.9682539682539684,3.379475055835071,21,1502.0,0.144058775894871,21,1502.0
1795.0,22,281.0,4.60655737704918,3.0580111586343675,22,1543.0,0.1216769639444168,22,1543.0
1800.0,32,419.0,6.868852459016393,1.499379452401763,32,1681.0,0.058186383739157244,32,1681.0
1805.0,38,360.0,5.373134328358209,2.0042525069126045,38,1750.0,0.1296389839480073,38,1750.0
1810.0,50,558.0,8.08695652173913,2.0677932264304077,50,1849.0,0.08036378621165816,50,1849.0
1815.0,58,833.0,11.732394366197184,1.7172670715759724,58,2125.0,0.03315411697492347,58,2125.0
1820.0,61,1135.0,16.940298507462686,0.8580026396106852,61,2427.0,0.004766271565280342,61,2427.0
1825.0,63,1448.0,21.939393939393938,0.6107791317766251,63,2740.0,4.496940559135962e-06,63,2740.0
1830.0,63,1763.0,27.123076923076923,0.30843377271311284,63,3055.0,0.02331295861573839,63,3055.0
1835.0,59,1845.0,28.384615384615383,0.3180364212883577,59,3164.0,0.009129529140090083,59,3164.0
1840.0,49,1774.0,24.985915492957748,2.4620739018139575,49,3100.0,0.11136214947033524,49,3100.0
1845.0,42,1535.0,21.619718309859156,2.4754395019480357,42,3099.0,0.102693268269427,42,3099.0
1850.0,39,1189.0,16.746478873239436,2.762736246537469,39,2878.0,0.09219209888958081,39,2878.0
1855.0,36,781.0,11.656716417910447,2.54260677418672,36,2889.0,0.07696274460917393,36,2889.0
1860.0,33,521.0,8.403225806451612,2.4957191036798387,33,2932.0,0.08151618767856575,33,2932.0
1865.0,35,386.0,6.225806451612903,2.92782795209126,35,3079.0,0.07908991021082112,35,3079.0
1870.0,43,579.0,9.65,1.325621865361897,43,3273.0,0.030804571569412114,43,3273.0
1875.0,50,810.0,12.08955223880597,1.488081990935869,50,3504.0,0.11125765402938365,50,3504.0
1880.0,52,860.0,12.647058823529411,1.4320128443900098,52,3560.0,0.09529146680054734,52,3560.0
1885.0,46,790.0,11.285714285714286,2.4849159903679214,46,3393.0,0.10386017116946292,46,3393.0
1890.0,44,854.0,12.2,2.2640799134571217,44,3613.0,0.06177223143924055,44,3613.0
1895.0,48,1072.0,16.242424242424242,1.7120653090807005,48,3843.0,0.037708779764757575,48,3843.0
1900.0,48,1266.0,19.476923076923075,1.592289318661546,48,3936.0,0.04537444362415614,48,3936.0
1905.0,43,1444.0,23.672131147540984,1.8052554639698133,43,3846.0,0.038079535445199535,43,3846.0
1910.0,37,1314.0,19.611940298507463,3.1959150412713964,37,3772.0,0.14805517711461832,37,3772.0
1915.0,34,1034.0,16.41269841269841,3.3589559720246838,34,3418.0,0.14246042318322452,34,3418.0
1920.0,26,704.0,11.733333333333333,3.1149285339110757,26,3334.0,0.1228280844294687,26,3334.0
1925.0,16,334.0,5.758620689655173,3.6962089494581125,16,3269.0,0.14875853053553004,16,3269.0
1930.0,16,168.0,3.0545454545454547,3.759168623179288,16,3286.0,0.13396826593788005,16,3286.0
1935.0,30,287.0,5.125,2.81194825866779,30,3399.0,0.08182622031207389,30,3399.0
1940.0,33,347.0,6.3090909090909095,1.986497651522528,33,3267.0,0.052811461209463006,33,3267.0
1945.0,32,362.0,6.241379310344827,3.37138309571262,32,2720.0,0.16178505352896722,32,2720.0
1950.0,29,405.0,6.75,4.344796889328659,29,2737.0,0.20993311754346541,29,2737.0
1955.0,27,444.0,8.222222222222221,2.685174939256358,27,2872.0,0.16599200845974235,27,2872.0
1960.0,30,540.0,10.0,2.242497120014713,30,3010.0,0.10122853722013338,30,3010.0
1965.0,32,626.0,10.793103448275861,1.856427668769377,32,2876.0,0.06313549382990133,32,2876.0
1970.0,31,697.0,12.017241379310345,2.3724851260874322,31,2465.0,0.09583175625951373,31,2465.0
1975.0,25,524.0,8.733333333333333,2.8579628723625974,25,2342.0,0.09798933328549829,25,2342.0
1980.0,19,306.0,5.464285714285714,3.3918641132798295,19,2204.0,0.11082641349431892,19,2204.0
1985.0,19,336.0,5.694915254237288,5.3566312407887935,19,2111.0,0.24013240418202592,19,2111.0
1990.0,20,361.0,6.11864406779661,3.8372743324413547,20,1929.0,0.1610752762618818,20,1929.0
1995.0,25,370.0,6.607142857142857,3.2102362503126516,25,1389.0,0.10733874197116615,25,1389.0
2000.0,22,384.0,6.857142857142857,3.517358991012673,22,1316.0,0.12302639357562312,22,1316.0
2005.0,18,411.0,7.903846153846154,3.757497505746169,18,1344.0,0.1643454554234157,18,1344.0
2010.0,23,493.0,9.86,3.915470089811381,23,1428.0,0.12889778589539863,23,1428.0
2015.0,28,622.0,12.44,2.6216514987572466,28,1559.0,0.07081658524773862,28,1559.0
2020.0,29,674.0,12.035714285714286,2.98160345724678,29,1478.0,0.16817162280029654,29,1478.0
2025.0,27,668.0,12.145454545454545,3.756129655218286,27,1174.0,0.19318736543154305,27,1174.0
2030.0,23,556.0,9.75438596491228,3.396556817282486,23,1229.0,0.13514036619119046,23,1229.0
2035.0,22,568.0,10.923076923076923,3.510153548662657,22,1277.0,0.1232800251350394,22,1277.0
2040.0,18,140.0,2.8,3.7290421469670627,18,1076.0,0.11198927347693696,18,1076.0
2045.0,26,253.0,5.163265306122449,3.058163343320586,26,1011.0,0.09888457008984576,26,1011.0
2050.0,26,275.0,5.612244897959184,2.4572430173280435,26,981.0,0.060351373168447506,26,981.0
2055.0,24,241.0,4.547169811320755,3.9259314130625964,24,878.0,0.17374926628591036,24,878.0
2060.0,24,258.0,5.0588235294117645,4.073902494680981,24,945.0,0.18488168955314332,24,945.0
2065.0,24,278.0,5.791666666666667,2.2911243590213535,24,1057.0,0.13586734064281913,24,1057.0
2070.0,27,334.0,7.260869565217392,1.4318022016951757,27,1180.0,0.10402932102642716,27,1180.0
2075.0,29,259.0,5.285714285714286,1.050128363610066,29,1231.0,0.059678716860579246,29,1231.0
2080.0,32,358.0,6.754716981132075,2.5077145835280823,32,1231.0,0.08869812468720761,32,1231.0
2085.0,33,385.0,7.0,2.451887549242178,33,1240.0,0.049133018834426286,33,1240.0
2090.0,31,347.0,5.688524590163935,4.521527086045865,31,1145.0,0.19474295222808174,31,1145.0
2095.0,21,299.0,5.4363636363636365,4.24227565297784,21,1245.0,0.2213195215773616,21,1245.0
2100.0,21,266.0,5.215686274509804,3.2773446091726774,21,1328.0,0.12458645096928565,21,1328.0
2105.0,24,279.0,5.470588235294118,3.189097872940408,24,1434.0,0.10524341981591177,24,1434.0
2110.0,32,422.0,8.115384615384615,2.324064895062936,32,1578.0,0.0712892517489715,32,1578.0
2115.0,42,599.0,11.745098039215685,1.045530936438294,42,1755.0,0.04054361693150182,42,1755.0
2120.0,44,805.0,16.1,0.7249992023510751,44,1963.0,0.03983128606082643,44,1963.0
2125.0,46,1034.0,19.14814814814815,1.9572206576891351,46,2192.0,0.08001996064237464,46,2192.0
2130.0,40,1047.0,18.696428571428573,2.5965341175447167,40,2219.0,0.11929412176979882,40,2219.0
2135.0,30,903.0,17.037735849056602,3.0524175058546534,30,1959.0,0.11057985586727749,30,1959.0
2140.0,25,438.0,8.11111111111111,3.465916760000369,25,1951.0,0.12826876046227084,25,1951.0
2145.0,16,211.0,4.3061224489795915,3.967754192806679,16,1824.0,0.16994503719623918,16,1824.0
2150.0,17,104.0,2.122448979591837,3.7133904861423477,17,1845.0,0.1389951452521771,17,1845.0
2155.0,25,216.0,4.5,2.6702328214056354,25,1957.0,0.09630864074148228,25,1957.0
2160.0,28,244.0,5.083333333333333,1.9485356713412934,28,1895.0,0.052608933315567624,28,1895.0
2165.0,26,232.0,4.377358490566038,3.931396169920787,26,1660.0,0.2080594245914752,26,1660.0
2170.0,19,130.0,2.452830188679245,4.271052804712983,19,1610.0,0.197968957070018,19,1610.0
2175.0,19,110.0,2.2,3.77007462440176,19,1630.0,0.15026194915228552,19,1630.0
2180.0,15,94.0,1.9583333333333333,3.684838032986191,15,1522.0,0.13296724292905604,15,1522.0
2185.0,13,116.0,2.36734693877551,3.8279483358297437,13,1243.0,0.1468146607201511,13,1243.0
2190.0,14,157.0,3.2708333333333335,4.5943256355218915,14,952.0,0.1693725753110237,14,952.0
2195.0,8,79.0,1.7555555555555555,4.3427043161210435,8,860.0,0.18560648319827355,8,860.0
2200.0,11,119.0,2.5319148936170213,5.524235205114077,11,848.0,0.3107055153180489,11,848.0
2205.0,15,141.0,2.9375,4.495685675974445,15,892.0,0.2480377298410806,15,892.0
2210.0,24,243.0,4.86,3.6906075803523715,24,972.0,0.13570054195293635,24,972.0
2215.0,28,362.0,7.541666666666667,2.4280031713935863,28,1097.0,0.0657045206483051,28,1097.0
2220.0,35,519.0,10.8125,2.1134106256087173,35,1250.0,0.026246372199736943,35,1250.0
2225.0,40,704.0,14.97872340425532,1.8099831787123366,40,1438.0,0.045719262201738955,40,1438.0
2230.0,38,792.0,18.0,1.236863443374421,38,1526.0,0.04023394489397417,38,1526.0
2235.0,40,986.0,19.72,2.584801807647476,40,1720.0,0.146234002087523,40,1720.0
2240.0,34,922.0,18.44,3.1196928258500076,34,1687.0,0.1733620216935236,34,1687.0
2245.0,25,674.0,13.48,3.2025879205741483,25,1346.0,0.12700070909459796,25,1346.0
2250.0,22,493.0,9.86,3.649225942969436,22,1463.0,0.13160614698830872,22,1463.0
2255.0,20,310.0,6.888888888888889,2.741113553534835,20,1567.0,0.08607788257980477,20,1567.0
2260.0,20,181.0,4.022222222222222,2.9450658084752668,20,1643.0,0.11678369360976155,20,1643.0
2265.0,27,303.0,6.886363636363637,1.642158636608418,27,1765.0,0.07576170624073228,27,1765.0
2270.0,30,309.0,5.9423076923076925,2.3338577764544715,30,1844.0,0.12960672894956293,30,1844.0
2275.0,35,469.0,9.01923076923077,3.128495999904251,35,1935.0,0.14450774465421448,35,1935.0
2280.0,38,654.0,12.576923076923077,3.1239511168835743,38,2116.0,0.0973824703695802,38,2116.0
2285.0,36,648.0,12.96,2.3269388446025845,36,2058.0,0.06317869276399422,36,2058.0
2290.0,27,504.0,10.956521739130435,3.155921175741045,27,1633.0,0.08982587238659026,27,1633.0
2295.0,22,393.0,8.361702127659575,3.81222091101915,22,1749.0,0.13903350932050892,22,1749.0
2300.0,19,255.0,6.071428571428571,2.727849308191398,19,1850.0,0.1392568543769243,19,1850.0
2305.0,20,214.0,4.7555555555555555,3.0775475148910094,20,1942.0,0.2217884566238953,20,1942.0
2310.0,23,256.0,5.019607843137255,3.1521517813043016,23,1874.0,0.21570850032701944,23,1874.0
2315.0,18,265.0,5.0,3.0930242440443787,18,1554.0,0.1339075816598705,18,1554.0
2320.0,21,159.0,2.789473684210526,3.0285788647938707,21,1587.0,0.11514825566581087,21,1587.0
2325.0,20,206.0,3.814814814814815,3.6503121235749294,20,1607.0,0.11799853329216971,20,1607.0
2330.0,25,301.0,5.788461538461538,3.2885598322309373,25,1713.0,0.10444503037959785,25,1713.0
2335.0,31,446.0,8.92,1.7494457975004558,31,1858.0,0.07876217225855803,31,1858.0
2340.0,37,580.0,11.83673469387755,0.40669561406974747,37,1992.0,0.013043501353775739,37,1992.0
2345.0,45,787.0,13.807017543859649,1.9027766462914308,45,2200.0,0.1053086383586632,45,2200.0
2350.0,44,847.0,14.859649122807017,1.7013212593400526,44,2211.0,0.08243725740831236,44,2211.0
2355.0,37,795.0,13.947368421052632,2.3796722950643927,37,2001.0,0.09120020239251012,37,2001.0
2360.0,31,782.0,13.719298245614034,4.0538980815996055,31,1591.0,0.12272373092780171,31,1591.0
2365.0,26,733.0,13.327272727272728,3.6482843558697806,26,1728.0,0.1472468307382966,26,1728.0
2370.0,27,766.0,15.63265306122449,2.4695424622738713,27,1856.0,0.1427880147096971,27,1856.0
2375.0,30,840.0,16.470588235294116,1.426502740560426,30,1964.0,0.09279653311000194,30,1964.0
2380.0,37,1014.0,16.095238095238095,2.836149545132116,37,2104.0,0.16755356392251022,37,2104.0
2385.0,40,714.0,10.984615384615385,2.3663163867799506,40,2118.0,0.11692876760299399,40,2118.0
2390.0,39,486.0,7.476923076923077,2.3749922102928074,39,1926.0,0.11274749908357665,39,1926.0
2395.0,41,657.0,10.107692307692307,2.434719526121227,41,2068.0,0.0826262836937234,41,2068.0
2400.0,46,879.0,13.952380952380953,1.8418326952382535,46,2290.0,0.008664285561221322,46,2290.0
2405.0,51,1100.0,18.333333333333332,1.5485218885684502,51,2511.0,0.035880702466929815,51,2511.0
2410.0,51,1355.0,23.771929824561404,0.876719712045048,51,2766.0,0.004563031497476232,51,2766.0
2415.0,47,1505.0,24.672131147540984,1.9404492906722606,47,2877.0,0.10480529659404762,47,2877.0
2420.0,38,1593.0,27.0,2.803309612557033,38,2871.0,0.13504475115102396,38,2871.0
2425.0,36,1431.0,23.459016393442624,2.6813635210164417,36,2754.0,0.1004212185619986,36,2754.0
2430.0,34,1053.0,18.155172413793103,3.095465546896779,34,2297.0,0.09178230567327837,34,2297.0
2435.0,26,757.0,13.763636363636364,3.013343384356111,26,2323.0,0.08345885916984543,26,2323.0
2440.0,25,426.0,8.192307692307692,3.070549941883215,25,2443.0,0.12038036885971656,25,2443.0
2445.0,20,245.0,4.9,2.623280216247194,20,2321.0,0.09288091958371862,20,2321.0
2450.0,19,302.0,5.298245614035087,4.199975081341647,19,2035.0,0.23069238651667476,19,2035.0
2455.0,11,186.0,3.152542372881356,4.4266208875043604,11,1895.0,0.22164781887457813,11,1895.0
2460.0,8,32.0,0.5818181818181818,3.3927666877850653,8,1743.0,0.15983403525050355,8,1743.0
2465.0,19,100.0,1.7857142857142858,4.494820659875201,19,1632.0,0.17511629250706504,19,1632.0
2470.0,26,203.0,3.690909090909091,2.714653902427339,26,1735.0,0.07579757159079888,26,1735.0
2475.0,37,366.0,6.654545454545454,1.9550495181837366,37,1899.0,0.049503580446408624,37,1899.0
2480.0,38,425.0,8.018867924528301,1.394676773114671,38,1880.0,0.050068448447009924,38,1880.0
2485.0,36,433.0,7.872727272727273,3.045809693333899,36,1656.0,0.134832697326127,36,1656.0
2490.0,31,434.0,7.614035087719298,3.5433316208469265,31,1821.0,0.15928877421807022,31,1821.0
2495.0,28,449.0,8.471698113207546,1.5208211781266678,28,1964.0,0.07897205903360516,28,1964.0
2500.0,30,359.0,6.773584905660377,1.6156072243917219,30,2046.0,0.10558706712749077,30,2046.0
2505.0,34,510.0,9.272727272727273,2.3164895948073783,34,2125.0,0.07246680754136756,34,2125.0
2510.0,40,478.0,8.101694915254237,1.9457211723225067,40,2208.0,0.05214495789662911,40,2208.0
2515.0,39,538.0,9.781818181818181,2.247435275837771,39,2234.0,0.08506114892338494,39,2234.0
2520.0,37,557.0,10.127272727272727,2.3306744114664726,37,2148.0,0.04958620493857473,37,2148.0
2525.0,32,464.0,7.864406779661017,4.230490920872774,32,1845.0,0.19798185979186445,32,1845.0
2530.0,20,345.0,6.160714285714286,4.005509041036872,20,1805.0,0.18865261676488757,20,1805.0
2535.0,20,210.0,3.888888888888889,3.6401830404664217,20,1821.0,0.1513666326956428,20,1821.0
2540.0,23,201.0,3.9411764705882355,3.629460782562983,23,1906.0,0.12705914580725794,23,1906.0
2545.0,23,242.0,4.566037735849057,2.5986752854205903,23,1801.0,0.09777804802206311,23,1801.0
2550.0,21,251.0,5.02,3.2723768012536745,21,1474.0,0.11766890103889315,21,1474.0
2555.0,19,240.0,4.615384615384615,3.8273491093720384,19,1324.0,0.1150956739280008,19,1324.0
2560.0,19,281.0,5.509803921568627,3.7605075804659718,19,1421.0,0.19082861723462932,19,1421.0
2565.0,16,313.0,6.520833333333333,3.3331928439177587,16,1335.0,0.19887210716536086,16,1335.0
2570.0,15,354.0,6.8076923076923075,3.4235951639982543,15,1131.0,0.16508139380896364,15,1131.0
2575.0,12,327.0,6.055555555555555,3.890174231892409,12,1042.0,0.15213871746030028,12,1042.0
2580.0,17,399.0,7.673076923076923,3.652644298864929,17,1076.0,0.11731448379697113,17,1076.0
2585.0,22,500.0,10.0,3.713198820947893,22,1177.0,0.1261023789486709,22,1177.0
2590.0,21,547.0,10.94,2.625846639419369,21,1163.0,0.10803073797574146,21,1163.0
2595.0,22,567.0,10.125,3.718714885317017,22,1022.0,0.21355264785263195,22,1022.0
2600.0,21,614.0,10.586206896551724,4.12693786893017,21,1002.0,0.21673477859905607,21,1002.0
2605.0,27,695.0,12.410714285714286,3.0027427847331554,27,1119.0,0.13600022325313305,27,1119.0
2610.0,30,810.0,15.283018867924529,2.130155346258565,30,1260.0,0.10518313231244848,30,1260.0
2615.0,33,922.0,17.39622641509434,1.0158915086167484,33,1384.0,0.06121150648582292,33,1384.0
2620.0,39,1104.0,19.03448275862069,1.8084843898094984,39,1555.0,0.05024111210919288,39,1555.0
2625.0,39,717.0,11.95,2.0246198013530927,39,1521.0,0.04955999548668366,39,1521.0
2630.0,40,595.0,9.296875,3.390414687349292,40,1356.0,0.1397486130938844,40,1356.0
2635.0,40,795.0,13.25,4.043037800851299,40,1307.0,0.15392871047434792,40,1307.0
2640.0,36,767.0,13.945454545454545,2.9547585729455714,36,1300.0,0.09770321011729423,36,1300.0
2645.0,31,591.0,11.150943396226415,3.3983134397678194,31,1167.0,0.10937953386984942,31,1167.0
2650.0,24,474.0,9.673469387755102,4.369790314208693,24,1001.0,0.14914704884048238,24,1001.0
2655.0,11,193.0,4.020833333333333,4.751587461025063,11,998.0,0.2182763090257511,11,998.0
2660.0,13,136.0,3.238095238095238,4.725744652016626,13,1033.0,0.2120053654294901,13,1033.0
2665.0,14,167.0,3.4791666666666665,4.879803003358018,14,1007.0,0.2613558156709781,14,1007.0
2670.0,13,187.0,3.5961538461538463,5.4946900827593055,13,896.0,0.30374116737203616,13,896.0
2675.0,11,209.0,4.019230769230769,3.5317049729900343,11,939.0,0.15802193934524467,11,939.0
2680.0,21,287.0,5.519230769230769,2.655209456681576,21,1026.0,0.10764677068159904,21,1026.0
2685.0,21,146.0,2.92,2.660206737970612,21,1005.0,0.12474877693182901,21,1005.0
2690.0,25,219.0,4.132075471698113,2.852757210241803,25,943.0,0.09984551235106418,25,943.0
2695.0,28,246.0,4.730769230769231,2.8089708942128366,28,949.0,0.07036146605556363,28,949.0
2700.0,26,239.0,4.78,3.1506476405092845,26,850.0,0.07517328309328183,26,850.0
2705.0,21,184.0,3.5384615384615383,4.081709444334364,21,864.0,0.1912659034802366,21,864.0
2710.0,19,170.0,3.617021276595745,3.159280056726711,19,962.0,0.16779342719195736,19,962.0
2715.0,17,156.0,3.3191489361702127,2.5715896703539802,17,924.0,0.12690575824785288,17,924.0
2720.0,19,205.0,4.183673469387755,3.2688580296831007,19,791.0,0.13367048666090792,19,791.0
2725.0,15,159.0,3.0576923076923075,3.427202658402375,15,799.0,0.1334932550206479,15,799.0
2730.0,20,233.0,4.66,3.2308295869748385,20,851.0,0.10689928896440765,20,851.0
2735.0,19,271.0,5.645833333333333,2.836227195430196,19,823.0,0.08414884355206757,19,823.0
2740.0,15,291.0,5.290909090909091,4.607606643494088,15,673.0,0.23814959873201114,15,673.0
2745.0,15,335.0,6.203703703703703,5.729783604566784,15,590.0,0.259193345061388,15,590.0
2750.0,19,393.0,7.277777777777778,5.167944171637482,19,560.0,0.2042097715180669,19,560.0
2755.0,13,151.0,3.0816326530612246,5.153949499138258,13,503.0,0.2582733294092495,13,503.0
2760.0,12,84.0,1.7872340425531914,4.648000575161713,12,373.0,0.2142689864003975,12,373.0
2765.0,17,103.0,2.1458333333333335,3.967200199412155,17,385.0,0.1616947506276634,17,385.0
2770.0,27,221.0,4.604166666666667,2.925206884329817,27,478.0,0.08873493078561774,27,478.0
2775.0,29,271.0,4.839285714285714,3.2033721574167777,29,553.0,0.16089714508832223,29,553.0
2780.0,26,275.0,5.092592592592593,3.5480858336591172,26,526.0,0.1629525839638209,26,526.0
2785.0,27,307.0,5.385964912280702,3.792264206960853,27,654.0,0.12632147008855157,27,654.0
2790.0,26,369.0,7.235294117647059,2.5415732768385517,26,792.0,0.10043573724824773,26,792.0
2795.0,30,476.0,9.714285714285714,1.560691451429915,30,926.0,0.060544863981664636,30,926.0
2800.0,31,549.0,10.557692307692308,1.3762318489950256,31,1019.0,0.08378600227834236,31,1019.0
2805.0,27,583.0,11.0,2.255724624888048,27,1019.0,0.058193450697224265,27,1019.0
2810.0,27,540.0,8.571428571428571,4.021401586304636,27,1045.0,0.19554010255226087,27,1045.0
2815.0,27,610.0,10.338983050847459,3.423209945340462,27,1183.0,0.17899945975468376,27,1183.0
2820.0,26,394.0,7.035714285714286,2.3777053740393086,26,1151.0,0.13410833113186343,26,1151.0
2825.0,26,198.0,3.3559322033898304,2.675989388939346,26,1030.0,0.11977891749370298,26,1030.0
2830.0,31,234.0,3.8360655737704916,2.400354313798101,31,1041.0,0.06489801268387621,31,1041.0
2835.0,33,246.0,4.032786885245901,2.7470012143739084,33,1039.0,0.08973774409103165,33,1039.0
2840.0,27,240.0,4.137931034482759,3.3134284435085695,27,1012.0,0.11387313537200727,27,1012.0
2845.0,16,198.0,3.473684210526316,4.2892123580047805,16,914.0,0.2006294308257684,16,914.0
2850.0,13,183.0,3.267857142857143,4.328974441151907,13,880.0,0.22410749418747175,13,880.0
2855.0,15,225.0,3.9473684210526314,4.645843820926808,15,768.0,0.19699676394152976,15,768.0
2860.0,16,286.0,5.2,4.1108663491384485,16,669.0,0.15387870538880788,16,669.0
2865.0,15,296.0,5.584905660377358,3.8657696268548567,15,690.0,0.17838469793897208,15,690.0
2870.0,18,356.0,6.980392156862745,4.552476655660544,18,708.0,0.22336024155629897,18,708.0
2875.0,24,465.0,8.942307692307692,3.917173502887169,24,796.0,0.13292145853457904,24,796.0
2880.0,28,489.0,9.403846153846153,2.0436286761818767,28,820.0,0.04677555890082181,28,820.0
2885.0,37,656.0,11.310344827586206,2.654926993335798,37,987.0,0.1443654261624743,37,987.0
2890.0,41,839.0,14.220338983050848,2.0896133372163304,41,1171.0,0.09941456512170345,41,1171.0
2895.0,51,1072.0,18.482758620689655,1.4407346657123954,51,1404.0,0.0364511470040718,51,1404.0
2900.0,50,1316.0,22.689655172413794,1.5195956231478316,50,1648.0,0.03712074009623803,50,1648.0
2905.0,50,1566.0,27.964285714285715,1.267558513927087,50,1898.0,0.052491667764804455,50,1898.0
2910.0,46,1374.0,24.535714285714285,1.4110199776387977,46,1973.0,0.04834322189718902,46,1973.0
2915.0,40,1409.0,26.09259259259259,2.0071682103118933,40,1912.0,0.05619315256844449,40,1912.0
2920.0,36,1286.0,21.433333333333334,3.3026346926776364,36,1841.0,0.12252314849634542,36,1841.0
2925.0,31,999.0,17.526315789473685,4.067054150006193,31,1700.0,0.16171977210402266,31,1700.0
2930.0,24,671.0,12.425925925925926,3.253597692450212,24,1780.0,0.13822766489187144,24,1780.0
2935.0,19,320.0,6.4,3.5631888978965804,19,1838.0,0.12577615973058298,19,1838.0
2940.0,15,175.0,3.6458333333333335,3.2505060639950205,15,1760.0,0.08871537973303764,15,1760.0
2945.0,14,195.0,3.9,4.037982300097663,14,1530.0,0.14983129322313968,14,1530.0
2950.0,6,29.0,0.6304347826086957,3.6383657628091073,6,1431.0,0.12741218530252665,6,1431.0
2955.0,9,38.0,0.7450980392156863,5.170137821321627,9,1361.0,0.2755731895931465,9,1361.0
2960.0,17,102.0,2.0816326530612246,4.726611514465139,17,1427.0,0.24283655244169808,17,1427.0
2965.0,23,207.0,4.0588235294117645,2.9142587687278,23,1532.0,0.12718417699268283,23,1532.0
2970.0,30,319.0,6.510204081632653,1.8517593960502474,30,1651.0,0.06479358541987389,30,1651.0
2975.0,39,495.0,9.705882352941176,2.4092416167204447,39,1812.0,0.04092961147349035,39,1812.0
2980.0,36,513.0,10.26,2.400991742698776,36,1812.0,0.06057703065369322,36,1812.0
2985.0,26,410.0,8.72340425531915,3.61183019594875,26,1522.0,0.10886706609259815,26,1522.0
2990.0,20,292.0,5.84,4.53146406309472,20,1588.0,0.21967953467860685,20,1588.0
2995.0,17,189.0,4.2,3.7456221701492987,17,1678.0,0.21207723988768565,17,1678.0
3000.0,12,108.0,2.511627906976744,2.494606226044928,12,1574.0,0.1400566152106954,12,1574.0
3005.0,14,120.0,2.5531914893617023,3.2795200933706434,14,1302.0,0.15027111896088635,14,1302.0
3010.0,11,98.0,2.0416666666666665,3.7494867102660714,11,1233.0,0.1511117030663667,11,1233.0
3015.0,15,146.0,3.106382978723404,3.6983249549237605,15,1280.0,0.12524013496029224,15,1280.0
3020.0,15,178.0,3.9555555555555557,3.3733871944553124,15,1183.0,0.1402068191402554,15,1183.0
3025.0,12,193.0,3.86,4.510326950341824,12,914.0,0.23156133813447702,12,914.0
3030.0,13,239.0,4.509433962264151,4.634220100923472,13,897.0,0.2345801452909835,13,897.0
3035.0,19,309.0,6.0588235294117645,2.812134789427175,19,976.0,0.1635326127632035,19,976.0
3040.0,26,422.0,8.44,2.0095249050986124,26,1093.0,0.1199306412935789,26,1093.0
3045.0,33,570.0,10.555555555555555,2.1290241092839404,33,1241.0,0.0766795489333717,33,1241.0
3050.0,35,432.0,7.8545454545454545,1.5987609922126311,35,1289.0,0.05906779932181094,35,1289.0
3055.0,34,462.0,8.4,2.348553847589256,34,1268.0,0.08213245860425716,34,1268.0
3060.0,37,482.0,8.925925925925926,1.9211714620365725,37,1243.0,0.031938119775713085,37,1243.0
3065.0,32,426.0,7.473684210526316,3.7678126673867767,32,1090.0,0.1630338667146709,32,1090.0
3070.0,21,300.0,5.555555555555555,3.598397021958522,21,1142.0,0.155389197453939,21,1142.0
3075.0,16,175.0,3.4313725490196076,3.4338190527111006,16,1121.0,0.1535719479663061,16,1121.0
3080.0,15,99.0,1.98,3.449846902321011,15,1057.0,0.13186973177592606,15,1057.0
3085.0,14,118.0,2.3137254901960786,3.9930351935501585,14,776.0,0.1440592627755231,14,776.0
3090.0,14,163.0,3.26,5.177731996534401,14,654.0,0.18230659309722377,14,654.0
3095.0,8,137.0,2.9148936170212765,4.902900480162419,8,638.0,0.2103760415295184,8,638.0
3100.0,15,202.0,4.297872340425532,5.093721489420462,15,670.0,0.30131899411227964,15,670.0
3105.0,21,228.0,4.56,4.223932215548491,21,696.0,0.247091006606947,21,696.0
3110.0,30,353.0,6.788461538461538,2.2032946410036653,30,821.0,0.11972694513308135,30,821.0
3115.0,37,523.0,9.50909090909091,1.32971791566096,37,992.0,0.05312651726040133,37,992.0
3120.0,44,519.0,9.436363636363636,0.6085775178914177,44,1113.0,0.013555279201600814,44,1113.0
3125.0,42,648.0,11.571428571428571,2.178549440901325,42,1183.0,0.08285688503115103,42,1183.0
3130.0,39,658.0,11.75,2.1641632867687863,39,1240.0,0.035014744999002895,39,1240.0
3135.0,33,552.0,9.35593220338983,3.715132780086947,33,1186.0,0.1496931208125687,33,1186.0
3140.0,26,381.0,6.803571428571429,3.730747137020188,26,1270.0,0.1805307581991033,26,1270.0
3145.0,23,291.0,5.490566037735849,3.485304455475338,23,1336.0,0.1390594930753785,23,1336.0
3150.0,25,261.0,5.22,2.9904248334198256,25,1457.0,0.10101966060879668,25,1457.0
3155.0,24,251.0,4.921568627450981,1.8828585274445202,24,1502.0,0.04831596338424184,24,1502.0
3160.0,28,334.0,6.68,2.766424016653082,28,1521.0,0.09846181218711517,28,1521.0
3165.0,32,345.0,6.764705882352941,2.4059593500645695,32,1522.0,0.056666444215615286,32,1522.0
3170.0,28,280.0,5.090909090909091,4.269534280410122,28,1369.0,0.210638629954576,28,1369.0
3175.0,21,249.0,4.69811320754717,5.779911412389867,21,1069.0,0.2617243625573965,21,1069.0
3180.0,15,165.0,3.4375,4.646697654895626,15,1152.0,0.21364740154520784,15,1152.0
3185.0,20,192.0,4.173913043478261,3.5206426552664047,20,1240.0,0.17440211795866417,20,1240.0
3190.0,22,169.0,3.6739130434782608,2.096991259001747,22,1271.0,0.1208145760322914,22,1271.0
3195.0,26,241.0,4.7254901960784315,3.0486285624328304,26,1276.0,0.11565512379271671,26,1276.0
3200.0,31,386.0,7.283018867924528,2.562893483085181,31,1400.0,0.05599452270169174,31,1400.0
3205.0,42,578.0,10.321428571428571,1.9761336440995068,42,1593.0,0.07999964696827166,42,1593.0
3210.0,43,705.0,13.30188679245283,1.7545732621103969,43,1768.0,0.12035605671247696,43,1768.0
3215.0,43,920.0,17.358490566037737,2.132228437778043,43,1935.0,0.09494271460579408,43,1935.0
3220.0,45,1140.0,20.727272727272727,2.3237861474554053,45,2155.0,0.0402907706308737,45,2155.0
3225.0,45,1365.0,26.764705882352942,1.425613128778993,45,2380.0,0.03455730511813577,45,2380.0
3230.0,47,1593.0,31.86,0.7795514733336304,47,2608.0,0.03849810429099676,47,2608.0
3235.0,47,1828.0,37.30612244897959,0.5118225063394621,47,2843.0,0.03516488308279432,47,2843.0
3240.0,42,1700.0,34.69387755102041,0.4677342368413052,42,2831.0,0.01488825959279951,42,2831.0
3245.0,33,1329.0,23.31578947368421,3.8661107154673897,33,2601.0,0.19438134846331004,33,2601.0
3250.0,25,988.0,17.333333333333332,3.6892413542266738,25,2642.0,0.15842461365657634,25,2642.0
3255.0,26,658.0,12.415094339622641,2.4960179173150276,26,2773.0,0.09671719342992062,26,2773.0
3260.0,22,259.0,4.980769230769231,2.43963243638506,22,2768.0,0.09568402942793029,22,2768.0
3265.0,24,197.0,3.581818181818182,3.08240123954724,24,2680.0,0.12579346711073638,24,2680.0
3270.0,31,334.0,6.072727272727272,2.2707195072417434,31,2817.0,0.0639344268226128,31,2817.0
3275.0,45,534.0,10.075471698113208,0.522615117440204,45,3019.0,0.002451556109880795,45,3019.0
3280.0,45,605.0,10.614035087719298,1.6129666775862996,45,2992.0,0.11102412171886479,45,2992.0
3285.0,35,555.0,9.736842105263158,3.1135217239213047,35,2558.0,0.14545892970485866,35,2558.0
3290.0,31,531.0,9.0,3.6828121659923734,31,2716.0,0.10853262230952754,31,2716.0
3295.0,29,489.0,9.055555555555555,2.590210599186582,29,2866.0,0.08982079046198328,29,2866.0
3300.0,24,461.0,9.03921568627451,1.8594116466568584,24,2732.0,0.07432374856684773,24,2732.0
3305.0,20,524.0,9.703703703703704,2.9623236339218852,20,2361.0,0.13331305244096378,20,2361.0
3310.0,18,371.0,6.745454545454545,2.644293883918291,18,2303.0,0.08218510697264535,18,2303.0
3315.0,16,179.0,2.9833333333333334,4.210146013194,16,2146.0,0.23066479746639904,16,2146.0
3320.0,15,180.0,3.0508474576271185,4.197226911314666,15,1924.0,0.22186518662908758,15,1924.0
3325.0,18,202.0,3.3114754098360657,3.4419217501840014,18,1593.0,0.14427600487688347,18,1593.0
3330.0,22,112.0,1.9310344827586208,2.6931465031731987,22,1551.0,0.10490689267724766,22,1551.0
3335.0,29,216.0,3.857142857142857,2.015670853893744,29,1677.0,0.052820654263547484,29,1677.0
3340.0,32,360.0,6.428571428571429,2.1150133924106713,32,1831.0,0.08638873946618819,32,1831.0
3345.0,36,469.0,8.375,0.7151692067697132,36,1972.0,0.03785127059064731,36,1972.0
3350.0,43,671.0,10.82258064516129,2.0966927754228006,43,2144.0,0.1011563448761085,43,2144.0
3355.0,51,909.0,14.203125,1.8586932981216409,51,2383.0,0.08651194816952897,51,2383.0
3360.0,50,1002.0,16.7,0.8929563461803407,50,2400.0,0.05691116508852357,50,2400.0
3365.0,42,972.0,15.67741935483871,2.0896841777371593,42,2183.0,0.07700842948096198,42,2183.0
3370.0,38,945.0,15.241935483870968,1.9198551198468083,38,2381.0,0.04967784663492242,38,2381.0
3375.0,35,965.0,16.083333333333332,1.4048922399070456,35,2567.0,0.07695642390583404,35,2567.0
3380.0,32,705.0,12.155172413793103,0.9081678797090241,32,2541.0,0.053382239002037715,32,2541.0
3385.0,31,364.0,5.432835820895522,2.994948230789795,31,2353.0,0.15576494087839945,31,2353.0
3390.0,32,320.0,4.571428571428571,3.1132428368653144,32,2460.0,0.1528134916122975,32,2460.0
3395.0,44,512.0,7.529411764705882,2.4072522031554056,44,2607.0,0.09373301647221416,44,2607.0
3400.0,56,771.0,11.338235294117647,1.568981234803606,56,2866.0,0.03233041525768234,56,2866.0
3405.0,59,1064.0,16.88888888888889,0.43525805582121413,59,3159.0,0.0030158660429321247,59,3159.0
3410.0,61,1369.0,21.06153846153846,0.8220541964040933,61,3464.0,0.030450287915596393,61,3464.0
3415.0,58,1625.0,25.793650793650794,0.3129833777713538,58,3735.0,0.009027946279609627,58,3735.0
3420.0,60,1924.0,30.53968253968254,0.586450154444453,60,4019.0,1.623434818012489e-07,60,4019.0
3425.0,54,2007.0,29.08695652173913,1.7880579439983217,54,4094.0,0.07857196115118421,54,4094.0
3430.0,46,1942.0,29.424242424242426,2.4272193337682015,46,3898.0,0.0968968708701077,46,3898.0
3435.0,35,1604.0,23.58823529411765,2.681163544272853,35,3753.0,0.10324682346179404,35,3753.0
3440.0,35,1238.0,19.34375,2.8018737007456664,35,3196.0,0.08129378825248026,35,3196.0
3445.0,35,883.0,14.015873015873016,2.5241321988095176,35,3367.0,0.09282692385007778,35,3367.0
3450.0,36,551.0,9.338983050847459,1.5915163124580962,36,3550.0,0.08107786383469211,36,3550.0
3455.0,33,393.0,7.017857142857143,1.008062231722082,33,3428.0,0.06116391141349037,33,3428.0
3460.0,30,498.0,7.323529411764706,3.2199990504261122,30,3129.0,0.18154063512450133,30,3129.0
3465.0,23,437.0,6.333333333333333,3.2744672415542295,23,2965.0,0.16641066869610144,23,2965.0
3470.0,17,276.0,4.0588235294117645,2.879083375310565,17,2718.0,0.126089712870307,17,2718.0
3475.0,23,254.0,3.8484848484848486,3.5125090509681556,23,2464.0,0.1254138692299196,23,2464.0
3480.0,30,388.0,5.878787878787879,3.8105975374041274,30,2437.0,0.14686917197809574,30,2437.0
3485.0,31,332.0,5.107692307692307,2.9703642030658153,31,2446.0,0.10014549338811118,31,2446.0
3490.0,44,489.0,7.887096774193548,2.5277400062104394,44,2508.0,0.05084399128750026,44,2508.0
3495.0,43,551.0,8.609375,3.1248137582197217,43,2456.0,0.10988140202144167,43,2456.0
3500.0,34,502.0,8.508474576271187,3.7202864721762223,34,2183.0,0.15653772856872172,34,2183.0
3505.0,30,468.0,8.068965517241379,3.1464822038754936,30,2313.0,0.09623929302307636,30,2313.0
3510.0,27,422.0,7.814814814814815,2.742746127749283,27,2453.0,0.09355958321894084,27,2453.0
3515.0,26,367.0,7.196078431372549,2.01715573783885,26,2498.0,0.06049237594416008,26,2498.0
3520.0,35,527.0,10.134615384615385,1.3834038941507645,35,2658.0,0.07098489337524307,35,2658.0
3525.0,41,719.0,13.566037735849056,0.6601211606213992,41,2850.0,0.014420468224160413,41,2850.0
3530.0,49,951.0,15.59016393442623,1.669759232152908,49,3084.0,0.11982148543463593,49,3084.0
3535.0,53,1214.0,19.901639344262296,1.5443304512678486,53,3347.0,0.11048847484857302,53,3347.0
3540.0,55,1485.0,24.34426229508197,0.9501963714959103,55,3618.0,0.053343532302455546,55,3618.0
3545.0,53,1423.0,22.58730158730159,1.1256703133652903,53,3736.0,0.04311413493206687,53,3736.0
3550.0,45,1295.0,20.555555555555557,1.9658616135997624,45,3711.0,0.04548182333216629,45,3711.0
3555.0,38,1185.0,18.80952380952381,2.5396076394470044,38,3536.0,0.09618697973390779,38,3536.0
3560.0,34,946.0,15.766666666666667,2.8300954413929977,34,3083.0,0.07945498275924642,34,3083.0
3565.0,26,616.0,10.266666666666667,3.4286032273768203,26,2971.0,0.1468752559477648,26,2971.0
3570.0,18,348.0,5.898305084745763,4.560695478665628,18,2904.0,0.21635530670264758,18,2904.0
3575.0,20,233.0,4.236363636363636,4.8061469280594995,20,2883.0,0.1959717121348052,20,2883.0
3580.0,26,278.0,5.054545454545455,3.154303085668949,26,2929.0,0.1035713925513909,26,2929.0
3585.0,33,428.0,8.075471698113208,2.5910597576405796,33,3078.0,0.046115968915278784,33,3078.0
3590.0,35,468.0,8.666666666666666,2.25746211906169,35,2906.0,0.05186521369399543,35,2906.0
3595.0,30,426.0,8.875,2.751349208382218,30,2429.0,0.09883327605250634,30,2429.0
3600.0,21,338.0,7.041666666666667,3.269423297189185,21,2358.0,0.10196922868197252,21,2358.0
